Data file for MPI progect
2 0.049882
514 52.024294
1026 18.604651
1538 439.114858
2050 846.233395
2562 1075.340722
3074 1242.020238
3586 351.741032
4098 179.835433
4610 146.979116
5122 476.797752
5634 423.290775
5949 469.071536
34 3.142039
546 78.617712
1000 380.517472
2 0.054496
514 149.636101
1026 84.357660
1538 540.597571
2050 956.826001
2562 407.313109
3074 520.355492
3586 547.480883
4098 244.912605
4610 466.953683
5122 394.303311
5634 482.156602
5949 311.180854
2 0.064056
514 22.043530
1026 3.939790
1538 22.968936
2050 519.645189
2562 125.912270
3074 770.908848
3586 258.963699
4098 194.725586
4610 93.952207
5122 327.912940
5634 433.134727
5949 462.147971
